500 458618379
0 0 0 1 0 0 0 0 0 0 1 0 0 0 0 0 0 0 1 0 0 0 1 0 1 0 0 1 0 0 0 1 0 1 0 0 0 0 1 0 0 0 0 0 0 0 1 0 0 0 0 0 0 1 0 0 0 0 0 0 1 0 0 0 0 0 0 0 0 0 0 0 0 0 0 1 0 0 0 0 0 1 1 1 0 0 0 0 0 0 0 0 1 0 0 0 0 0 0 1 0 0 0 0 0 0 0 0 0 0 1 0 0 0 0 0 0 0 1 0 0 1 0 1 0 0 0 0 0 0 0 0 0 0 0 0 0 1 1 0 0 1 1 0 0 0 0 0 0 0 0 0 0 0 1 0 0 0 0 1 0 0 0 0 0 0 0 0 1 0 0 1 0 1 0 1 0 0 0 0 0 0 1 0 0 1 0 0 0 0 0 0 0 0 0 0 0 0 0 0 0 0 0 0 0 1 1 1 0 0 0 0 0 1 0 0 0 0 0 0 0 0 0 0 0 1 0 0 0 0 0 0 0 1 0 0 0 0 0 0 0 0 0 0 0 0 0 0 0 0 0 0 0 0 1 0 0 0 0 0 0 0 0 0 0 0 0 1 1 0 1 0 0 0 1 0 0 1 0 0 1 1 0 1 0 0 0 0 0 0 0 0 0 0 0 0 0 0 0 1 1 0 0 0 0 0 1 1 0 0 1 0 1 0 0 1 0 0 0 0 1 0 0 0 0 0 0 1 0 0 0 0 0 0 1 1 0 0 0 1 1 0 1 1 0 0 0 0 0 1 0 0 1 0 0 0 0 0 0 1 0 0 0 0 0 0 1 0 0 1 0 0 0 0 0 0 0 0 1 1 0 0 1 0 0 0 1 0 0 0 0 0 0 0 0 0 0 1 0 0 0 0 1 0 1 0 0 0 0 0 0 0 0 1 0 0 1 0 0 0 0 1 0 0 0 1 1 0 1 0 0 1 0 0 0 1 0 1 0 0 0 0 0 0 0 0 0 0 0 0 0 0 0 0 0 0 0 0 0 0 1 0 0 1 0 0 0 0 0 0 0 0 0 0 1 0 0 0 0 0 0 0 0 0 1 0 0 0 0 0 0 0 0 0 0 0 0 0 0 0 
487 425 199300854
487 458 296430871
458 408 78107234
408 3 151391653
3 435 148446816
487 400 155766812
3 464 245520620
487 414 179881013
464 431 20481119
435 107 96727362
464 402 171540660
487 177 290772974
414 392 158616042
425 340 238381606
402 423 47395194
423 224 14638361
224 149 235378889
149 123 242959036
431 180 240540224
224 4 50050833
464 51 236592026
464 309 218195288
123 369 49225550
3 38 47942470
431 89 267467678
369 139 229316054
139 104 294671679
104 70 30340014
123 456 282448922
70 60 297902707
60 27 253768114
27 320 3591407
456 378 21583303
60 401 191828866
320 118 132646762
118 393 243350230
118 120 135666930
107 23 20736360
401 395 160277342
393 399 299249364
149 469 134152444
369 12 271745072
123 281 141800058
12 235 61347451
399 26 23800235
408 206 167782631
399 363 297662588
26 156 261199686
156 380 85683975
27 76 131835217
380 189 112220327
89 108 114690766
189 8 142554494
8 168 257278211
425 460 254002196
27 291 238490038
401 316 149224128
291 109 202716886
109 277 151394604
168 345 104563712
345 71 38216468
206 145 91100795
71 6 292696527
76 272 85438197
380 256 89519522
6 323 82367105
323 299 181412289
340 398 3703904
299 155 205130887
155 97 120140417
97 48 199108663
48 449 24826148
51 153 275568484
449 102 299395363
156 266 138442014
102 347 52288834
347 54 299981775
402 33 258638005
425 144 245771893
54 371 30452484
371 148 213788992
4 239 144503243
148 40 185004670
97 387 6109957
40 254 273246549
347 161 198597786
369 412 223830417
139 15 7419894
254 260 94751694
260 377 218808524
377 467 277388569
467 403 18975099
180 152 217490114
403 159 75027535
456 442 57331300
392 203 23551403
159 333 124214008
487 351 182106502
398 79 161093543
256 113 6044244
333 65 81733423
320 283 129506519
65 20 283796248
20 448 157716789
398 451 122596983
448 98 82626859
12 421 170111203
98 406 92246402
406 307 234988646
307 92 175461281
92 16 287252486
16 25 80344355
456 202 254436628
203 428 6842219
25 22 207395636
26 182 243668165
363 450 216419423
22 382 46522511
382 342 94100069
342 331 152515656
331 288 27683543
65 170 126337783
288 404 244026436
102 257 64951647
404 134 230793267
363 472 242966369
6 115 188945537
134 61 55599587
61 350 223113178
350 73 111909888
404 88 148935565
73 262 281576432
262 473 65011195
203 78 31038586
473 356 112400912
356 327 107580327
458 368 278679302
51 434 16052872
139 251 53948678
33 237 86203051
327 285 85199680
120 443 74231321
395 339 192185661
347 64 26390356
27 417 33878723
327 63 153355935
262 174 36334761
406 465 121328766
63 326 134236892
257 67 245984497
458 329 140740161
326 453 195159019
291 164 280146459
453 226 48693399
226 438 114214688
438 385 93271677
385 172 63288487
172 31 96697121
79 228 103353188
153 364 125903228
31 66 241307063
340 253 251890944
170 269 30688082
368 217 69936502
66 137 230826170
60 194 100266923
137 319 206677088
319 186 75552186
186 349 204693184
349 278 168797563
278 227 232549113
340 44 79740829
227 86 298350094
86 57 85508911
180 220 139143564
57 80 109548086
369 390 35890734
431 178 175940730
80 454 186434430
464 500 24468753
73 176 297457421
454 167 284362240
333 122 282183316
167 318 199246367
369 337 9819147
318 452 51647724
487 53 59296186
309 352 95252659
320 315 25526414
452 19 146468765
404 143 58817359
356 365 38088119
123 160 142226544
19 147 190689733
147 275 17578902
203 322 53305173
224 335 61757772
431 190 236418216
275 99 47818358
123 499 205058639
189 135 121042757
469 37 252365939
323 200 6000795
178 74 277837096
99 311 230887023
331 1 199198450
134 300 115137491
450 175 162287065
408 213 3744500
311 142 292077625
142 30 214600642
30 75 64008733
109 420 102293088
431 341 57495084
71 384 28398542
75 132 254032164
307 35 148771158
132 426 41593959
426 7 59074643
318 43 4682915
7 360 19534073
360 298 194031127
285 284 71182001
298 94 87381971
94 330 80958883
330 286 257602702
438 183 78392217
286 236 237335710
67 124 99630737
176 328 64110004
236 274 74443620
274 375 263375109
274 93 88570229
375 334 252844928
385 204 283005628
291 103 126106669
393 95 30572915
74 292 28922419
164 11 215696816
349 248 208610429
206 270 121212709
423 344 144635725
334 166 169338549
166 173 242315698
213 295 202414055
248 247 35771526
173 185 280765695
185 56 289457259
56 240 20782892
240 433 1234455
433 241 67995692
241 373 163765453
442 271 138970407
373 208 149597646
323 310 264727450
281 282 26563344
330 141 237960498
208 234 41267150
234 163 41294140
185 474 104178832
298 81 261086186
26 249 133443436
443 446 67716457
163 302 93960637
302 294 110782497
104 485 264782307
19 126 114597436
294 489 212479675
60 372 36802139
489 480 164590753
480 391 293910069
391 127 297974931
127 492 214579969
492 157 117148823
294 497 207614151
157 484 153355792
190 355 294035170
414 129 198073677
484 110 249191016
110 238 177818883
448 381 91876669
238 481 137027948
271 9 65893044
481 101 72333055
101 225 68932440
113 432 198020914
414 46 272293194
294 232 67849950
127 221 251355884
452 211 4869522
225 409 175096094
92 317 176510570
401 422 187861622
409 151 152084353
344 2 249391301
349 222 281080645
151 478 82411768
256 218 274292235
478 357 192395356
357 233 199585394
233 28 14327142
28 125 53748699
125 146 62337697
146 24 71283705
4 470 1568969
24 191 235523254
126 259 243982600
203 91 182530471
402 165 47882127
73 154 31747265
191 246 152109896
246 171 66050652
316 312 68758425
171 287 297661254
282 77 7149564
287 354 155718731
473 314 253860812
354 486 166444372
70 58 52109570
486 83 97880349
323 215 1601457
83 265 120092652
354 394 90968655
164 106 19486111
265 210 96573701
210 374 70103908
360 301 17558969
355 366 151171407
299 230 256054938
3 193 158935256
374 219 33573211
152 313 158426723
443 231 219532292
219 181 18427892
204 383 274029925
181 39 44136274
39 490 74574316
490 455 117210043
455 105 52339897
266 21 140705880
105 297 9188704
490 482 281817171
364 379 182498575
297 192 43347030
192 130 117534945
130 444 140535878
297 362 171601730
444 45 47618032
139 212 245060852
287 49 239723379
45 427 3030529
157 290 278019486
427 293 160684482
236 242 33184683
293 214 57728783
259 308 155787020
58 196 12119928
214 133 195189636
225 187 277043891
291 491 205461114
362 96 60426983
274 85 38709994
44 205 80695673
231 405 268530172
183 296 66292805
133 461 240099113
461 119 124557199
119 303 157465771
183 131 68248698
456 479 88118292
303 437 147241193
437 52 113379010
52 169 199596132
127 264 52496353
169 267 41769678
267 416 39678866
416 84 244912164
84 471 197408635
471 496 130622408
401 10 39471199
496 42 186910431
288 332 28038607
329 463 83346407
42 18 111871456
18 475 258211374
347 121 15863983
383 150 203537055
475 459 150595715
459 468 67948654
468 305 260460994
305 209 42834117
209 59 153453270
371 386 265052032
59 324 174279761
362 207 150868263
337 304 934175
57 411 244850281
324 348 274743996
453 41 200892513
348 69 243736181
147 477 108811188
69 250 148741795
218 162 2672488
84 258 294450469
124 82 264403724
53 483 139686925
250 111 139832211
111 34 10383391
34 100 16969634
402 415 291668261
100 90 247118077
144 325 198896550
90 13 147642109
10 112 233202648
21 87 91919461
46 261 277755667
13 498 283153861
390 343 65168696
498 346 197207662
346 367 60450994
366 447 72060150
141 336 107522748
367 114 219724079
114 418 113308836
418 17 164752292
308 358 85678718
17 280 35715651
162 263 135195243
486 495 3032705
299 445 169943324
460 407 164683546
280 245 243913409
245 252 163202776
252 424 25016887
337 476 133156167
424 199 3250018
199 276 91204406
464 244 279920151
108 197 95113264
276 29 153244221
29 50 257400524
50 179 106077108
179 388 9361601
388 370 217238791
370 198 137749294
76 62 165401710
293 72 286974489
313 493 62286216
93 5 199041127
198 430 101964423
151 441 32951180
430 158 216683580
158 321 157905539
44 439 152558820
321 361 288907359
361 289 94531315
291 457 228961891
415 429 33441872
289 462 286358895
462 223 225386273
223 117 63328908
217 201 164655961
423 55 219928827
117 128 207424206
128 47 191592536
487 68 17341824
288 376 12593765
47 306 116778264
33 338 142320260
41 359 285872605
306 419 17524612
153 138 289738588
419 436 98399921
436 494 230008377
494 440 246333925
73 32 28291777
71 195 59349011
263 488 226445618
440 268 1260981
310 273 143790813
148 410 243907668
268 397 123322075
190 255 30464569
397 188 158836734
28 396 50445090
106 466 237092281
188 140 222988391
73 216 81416131
191 353 269531341
275 14 137666151
292 184 11442666
140 243 150943775
243 36 190436874
36 389 223392691
342 413 245167730
389 136 241344477
136 116 77785923
116 229 68714015
229 279 155534898
