100 813967654
0 0 0 0 0 0 1 1 0 0 0 0 0 0 0 0 0 1 0 0 0 1 0 0 0 0 0 0 0 0 1 0 0 0 0 1 0 0 0 0 0 0 0 0 0 0 0 1 0 0 0 0 0 0 0 0 0 0 1 0 0 0 0 0 0 0 0 0 0 0 0 0 0 0 0 1 1 0 0 0 0 0 0 0 0 0 0 0 0 0 0 0 1 1 0 0 1 0 0 1 
42 67 209533385
67 1 225368871
1 94 146835445
67 40 245079945
40 5 344723531
40 54 171342250
1 96 325824404
5 24 58214536
24 88 338531736
5 22 53307860
88 63 241289462
42 2 127411592
2 71 98788569
88 51 432880203
63 37 80169047
37 53 438124322
53 84 113909147
96 97 107669609
84 21 439440438
1 77 200327811
77 11 324718929
94 6 12974174
37 52 445462470
94 68 210364075
2 70 372752080
21 66 391195613
66 49 335082784
49 74 208468895
74 60 115853313
6 7 143043226
60 36 269994254
36 61 54410599
97 15 173228291
11 56 22074114
37 50 248268290
5 31 313825089
97 58 220703655
61 45 316378100
45 72 130456061
60 27 162510044
72 95 315517314
63 69 356840592
11 91 331112760
5 87 235698142
95 16 335463902
16 64 325979551
21 34 39552111
21 12 277843918
24 79 117364329
64 81 147342698
81 80 207929265
80 55 322680714
55 43 125076661
43 62 438568209
52 89 17921361
62 98 436051267
61 100 367522790
68 33 180399046
98 30 80691384
11 99 243375164
69 78 329337511
30 85 449415680
85 26 217097985
26 93 469403614
71 35 100967221
93 14 332905849
14 57 352408155
30 38 92290183
66 92 21156114
61 8 373216095
67 3 93291850
97 59 214426519
58 32 120383076
89 76 279510167
64 39 317471783
55 44 478832354
57 83 43150532
83 28 66888293
28 41 13269004
41 20 118011744
88 10 169540608
32 9 64690390
20 19 165990888
84 23 184077248
19 47 316979400
67 18 301533526
47 17 309346609
38 90 343112208
80 65 73529188
9 73 225479482
43 13 208439917
3 86 300562055
17 48 330461341
37 75 419411479
48 82 55023431
82 25 391819692
25 29 310395648
29 4 482311625
78 46 464437921
