500 1
1 0 1 0 0 1 1 0 0 1 1 0 0 0 0 1 0 0 1 1 0 0 0 0 1 1 1 0 1 1 0 0 0 1 0 1 1 0 0 1 1 1 1 0 0 0 1 1 0 1 1 1 1 0 1 0 0 1 0 0 0 1 0 0 1 0 1 1 0 1 1 0 1 0 0 0 0 0 0 0 1 0 1 0 1 1 1 0 0 1 0 1 0 0 0 1 1 1 1 1 0 1 0 1 0 1 0 0 1 1 1 1 1 0 0 0 1 0 1 0 0 0 0 1 0 1 1 0 1 1 1 1 1 1 0 0 0 1 1 0 1 0 0 1 1 1 1 1 1 1 0 0 1 1 1 0 1 0 1 0 1 0 1 1 1 0 0 1 1 0 1 0 1 1 1 0 1 0 1 1 1 1 0 1 1 1 0 0 0 0 1 0 1 1 0 0 1 1 0 1 1 1 0 0 1 1 0 0 0 1 0 1 0 1 1 1 0 0 1 1 0 0 0 1 0 1 1 1 1 0 1 0 0 1 0 1 1 0 1 0 0 1 1 1 1 0 0 1 1 1 0 1 0 0 0 1 0 0 0 0 1 0 1 0 0 1 1 0 0 1 0 0 1 0 1 0 0 1 0 0 0 0 0 1 1 1 0 1 1 1 0 0 0 0 1 1 0 0 1 1 0 0 0 1 0 1 0 1 1 1 1 1 1 0 0 1 0 1 1 0 0 0 0 1 1 1 0 1 1 0 1 1 1 1 0 1 1 1 1 0 1 1 0 1 0 1 0 1 0 1 1 0 1 0 0 1 0 1 0 0 1 0 0 0 0 0 1 1 0 1 0 0 0 1 0 0 0 0 1 1 1 1 0 0 1 1 0 0 1 0 0 0 0 0 1 0 1 0 1 1 0 0 0 0 0 0 1 1 0 0 0 1 1 0 1 0 0 0 1 0 0 0 0 0 1 1 0 1 0 1 0 1 0 0 0 1 1 0 1 1 0 1 1 1 1 1 1 0 0 0 0 1 1 1 1 0 0 1 1 0 0 1 1 1 1 0 0 0 0 1 1 0 0 0 1 1 1 1 1 1 0 0 0 1 1 0 0 0 1 1 1 1 1 0 1 1 1 1 0 1 
353 455 1
353 478 1
455 68 1
455 274 1
455 150 1
68 335 1
335 269 1
269 247 1
247 225 1
225 222 1
222 243 1
243 319 1
274 31 1
319 404 1
269 313 1
404 12 1
68 406 1
31 361 1
455 290 1
274 458 1
12 252 1
252 282 1
406 112 1
478 310 1
282 213 1
319 123 1
458 286 1
290 461 1
310 399 1
213 159 1
159 374 1
310 452 1
374 408 1
452 355 1
408 41 1
41 400 1
400 183 1
455 340 1
183 293 1
361 326 1
293 227 1
227 465 1
213 425 1
150 436 1
31 373 1
286 192 1
465 189 1
293 18 1
189 116 1
31 409 1
116 364 1
18 403 1
452 59 1
364 376 1
465 426 1
183 410 1
452 132 1
409 314 1
213 428 1
376 300 1
227 299 1
12 172 1
300 108 1
399 441 1
108 204 1
204 379 1
18 304 1
319 234 1
319 96 1
379 265 1
265 349 1
349 336 1
336 419 1
419 382 1
382 92 1
92 47 1
47 122 1
379 151 1
122 389 1
389 20 1
112 121 1
68 367 1
20 49 1
222 138 1
49 430 1
430 239 1
239 155 1
379 488 1
155 95 1
95 348 1
348 477 1
477 184 1
184 387 1
430 476 1
387 311 1
204 195 1
20 115 1
311 39 1
39 58 1
247 482 1
452 281 1
409 496 1
58 402 1
402 391 1
132 450 1
391 9 1
313 434 1
243 16 1
9 197 1
304 194 1
197 237 1
461 63 1
336 228 1
68 289 1
237 413 1
436 431 1
112 487 1
95 240 1
413 254 1
254 118 1
409 317 1
118 201 1
201 218 1
461 143 1
218 303 1
303 242 1
313 130 1
242 34 1
34 231 1
231 46 1
46 66 1
66 193 1
20 473 1
193 301 1
301 100 1
100 423 1
423 38 1
38 266 1
408 357 1
436 346 1
266 2 1
399 65 1
373 460 1
121 81 1
46 99 1
197 217 1
204 75 1
112 214 1
2 87 1
87 25 1
382 212 1
143 250 1
25 448 1
448 271 1
271 442 1
266 208 1
442 149 1
149 127 1
127 1 1
16 72 1
425 312 1
225 202 1
1 4 1
389 464 1
4 258 1
313 479 1
258 332 1
138 438 1
332 50 1
258 255 1
50 386 1
386 176 1
386 378 1
49 209 1
176 446 1
446 272 1
115 259 1
272 83 1
83 445 1
16 198 1
476 33 1
445 79 1
79 178 1
178 23 1
23 185 1
185 256 1
256 276 1
423 216 1
389 171 1
391 291 1
213 152 1
276 331 1
331 98 1
98 22 1
22 305 1
305 61 1
96 48 1
61 163 1
374 103 1
252 14 1
163 7 1
346 393 1
410 210 1
7 260 1
12 131 1
260 241 1
222 188 1
1 358 1
39 397 1
476 55 1
2 206 1
197 388 1
241 484 1
445 36 1
484 354 1
103 153 1
103 365 1
354 343 1
479 78 1
343 24 1
68 449 1
473 338 1
332 253 1
478 170 1
24 51 1
48 493 1
473 53 1
51 226 1
239 447 1
189 495 1
7 70 1
188 215 1
312 76 1
226 173 1
173 486 1
241 463 1
241 77 1
496 316 1
446 142 1
404 308 1
486 444 1
444 302 1
302 392 1
353 288 1
392 88 1
155 148 1
452 86 1
88 140 1
399 453 1
140 179 1
179 454 1
454 467 1
81 11 1
288 133 1
193 296 1
467 439 1
439 224 1
224 466 1
466 459 1
459 422 1
422 60 1
60 158 1
98 230 1
87 412 1
158 166 1
373 168 1
406 264 1
166 146 1
234 15 1
304 129 1
234 67 1
453 13 1
146 267 1
388 44 1
386 26 1
348 181 1
267 368 1
368 5 1
5 232 1
232 27 1
27 110 1
110 497 1
379 248 1
497 475 1
218 199 1
475 322 1
322 485 1
485 64 1
64 139 1
308 481 1
300 407 1
173 263 1
402 356 1
176 17 1
317 394 1
139 156 1
156 71 1
71 334 1
334 223 1
171 191 1
461 117 1
256 136 1
223 120 1
103 330 1
412 469 1
466 113 1
120 470 1
473 261 1
470 175 1
175 187 1
116 396 1
379 500 1
187 90 1
90 294 1
403 85 1
473 432 1
346 462 1
18 285 1
294 297 1
297 97 1
248 279 1
255 359 1
243 372 1
97 390 1
390 337 1
63 401 1
497 306 1
231 6 1
337 443 1
443 52 1
52 283 1
283 19 1
19 154 1
334 221 1
154 287 1
239 384 1
146 418 1
44 160 1
287 134 1
134 106 1
106 177 1
495 363 1
177 93 1
93 164 1
242 42 1
164 137 1
224 360 1
137 257 1
488 89 1
334 203 1
346 190 1
33 278 1
26 298 1
257 200 1
461 182 1
200 339 1
221 69 1
406 371 1
24 74 1
339 273 1
273 417 1
417 411 1
458 54 1
291 236 1
139 268 1
463 416 1
411 284 1
284 229 1
229 318 1
139 347 1
191 56 1
479 295 1
56 262 1
318 211 1
314 435 1
347 414 1
265 415 1
71 480 1
211 352 1
90 21 1
13 398 1
223 114 1
311 91 1
352 165 1
355 315 1
165 144 1
215 421 1
144 362 1
362 369 1
411 381 1
369 270 1
270 141 1
402 474 1
141 245 1
245 196 1
196 174 1
174 345 1
212 62 1
213 483 1
364 344 1
345 370 1
469 366 1
370 169 1
72 327 1
243 471 1
360 147 1
169 105 1
105 94 1
344 35 1
94 157 1
303 309 1
426 275 1
359 494 1
419 30 1
315 3 1
157 124 1
349 109 1
124 219 1
219 424 1
259 405 1
424 324 1
324 277 1
137 8 1
277 321 1
321 427 1
174 380 1
427 238 1
238 395 1
395 457 1
457 235 1
305 490 1
235 161 1
161 126 1
126 333 1
20 307 1
333 84 1
84 220 1
220 383 1
383 440 1
449 37 1
440 45 1
45 342 1
342 125 1
473 107 1
125 280 1
280 292 1
376 135 1
292 385 1
385 351 1
86 341 1
425 10 1
351 246 1
246 162 1
123 328 1
162 205 1
283 180 1
141 498 1
205 104 1
270 468 1
104 350 1
423 489 1
160 249 1
350 492 1
326 57 1
483 437 1
259 32 1
492 499 1
146 82 1
100 244 1
81 111 1
23 451 1
214 323 1
496 186 1
499 433 1
391 377 1
433 320 1
320 40 1
40 80 1
80 329 1
329 456 1
224 28 1
63 73 1
369 43 1
456 102 1
304 251 1
102 128 1
128 472 1
31 375 1
472 325 1
325 491 1
249 101 1
242 233 1
272 420 1
181 207 1
491 145 1
168 119 1
183 429 1
145 167 1
443 29 1
