100 65798644
1 1 1 0 1 0 0 1 1 0 1 1 1 0 1 1 0 0 0 1 0 0 1 1 1 1 0 1 0 0 0 0 0 1 1 1 0 0 1 1 1 1 1 0 0 0 0 1 0 0 1 0 1 1 1 0 0 1 0 0 0 1 1 1 1 0 0 1 0 0 0 0 0 0 1 1 1 1 0 1 1 1 1 1 1 1 0 1 0 0 0 1 1 0 1 0 0 0 0 1 
96 90 5281937
96 1 67591306
90 30 75201680
96 65 68080695
96 15 65323460
96 64 14795221
15 43 48903207
1 2 42632627
65 77 58875521
65 70 42553520
2 89 38441278
90 54 46283008
96 51 65408576
2 99 71571791
70 78 69854865
99 27 44142389
99 6 71214587
6 8 8542746
70 29 1727387
64 87 53080924
54 14 31509699
96 24 37104014
2 16 63437824
1 88 31010531
51 22 63040555
51 53 25464044
90 55 66120995
70 100 3668831
8 4 65875163
100 46 75345321
43 39 15823024
64 92 51769492
96 12 37070175
29 42 49012300
1 83 48718116
6 67 8343294
22 48 62803333
54 75 44271747
77 94 22181136
90 98 57747740
54 76 44066627
55 82 76337166
75 61 16023659
75 72 15580768
75 74 14484782
46 62 20199026
6 91 66141964
8 9 36708560
51 21 42599379
99 95 18314615
89 41 42330211
64 60 37779144
99 58 64728307
83 13 30124763
54 33 16917697
41 63 21876693
88 79 55908063
13 34 50123581
99 47 11237452
39 69 68208859
29 57 27208640
67 45 4996146
22 3 38048924
92 36 54879889
29 81 43841249
98 86 14056436
88 7 36653697
79 56 9764448
7 25 56051395
54 84 27530430
29 66 24238506
100 49 22282775
2 93 2823096
36 31 57775010
27 5 36712543
60 11 38195018
82 97 48709081
62 37 42778179
41 68 33505896
57 73 18798414
43 26 19344896
41 18 58809995
22 38 16526116
56 17 15478126
91 44 54954974
16 23 51472677
78 80 54571011
47 20 2163241
9 71 28387254
18 28 67494196
80 40 8132780
36 85 2034098
73 19 56732976
87 52 59493179
63 50 62321320
44 32 74692015
27 35 3887800
27 59 8135779
8 10 45500389
