500 2
0 0 0 0 0 0 0 0 0 0 0 0 0 0 0 1 0 0 0 0 0 0 0 0 0 0 1 0 1 0 0 0 0 0 0 0 0 1 1 0 0 0 0 1 0 0 0 0 0 0 0 0 0 0 0 0 1 0 0 1 0 0 0 0 0 1 0 0 0 0 0 1 0 1 0 0 0 1 0 0 0 0 0 0 0 0 1 1 1 1 0 1 0 0 0 0 0 0 0 0 0 0 0 0 1 0 0 0 0 1 0 0 0 0 0 0 0 0 1 0 0 0 0 0 0 0 0 0 0 0 0 0 1 0 0 0 0 0 0 1 0 0 0 0 1 0 0 0 1 1 0 0 1 1 1 1 0 0 1 1 0 0 0 0 1 0 1 0 0 0 0 0 0 0 0 0 0 0 1 0 1 0 1 0 0 0 0 1 0 0 0 0 1 0 0 1 0 1 0 0 1 0 0 0 0 1 0 0 0 0 1 0 0 1 0 1 0 0 1 0 1 0 1 0 0 0 0 0 0 0 0 1 0 1 0 1 0 0 0 0 0 1 1 1 1 0 0 0 1 0 0 1 0 1 0 0 0 0 0 1 0 0 1 1 0 0 0 0 0 1 0 0 0 0 0 0 1 0 1 0 0 0 0 0 1 0 0 1 0 0 0 0 1 0 0 0 0 0 0 0 0 0 0 1 0 0 0 0 0 1 0 1 0 1 0 0 0 0 0 0 0 1 0 0 0 0 0 0 1 0 0 0 0 1 0 0 0 1 0 0 0 0 0 0 0 0 0 0 0 0 0 0 0 0 1 0 0 0 0 0 0 0 0 0 0 1 0 0 0 0 0 0 0 0 0 0 0 0 0 0 0 1 0 0 0 1 0 0 1 0 1 0 0 0 0 0 1 0 1 0 0 0 0 0 0 0 1 1 0 0 0 0 0 1 1 0 1 0 0 0 0 0 0 0 0 0 0 0 0 0 0 0 0 0 0 0 0 0 1 0 0 0 0 0 0 0 0 0 0 0 0 0 0 0 0 0 0 1 0 0 0 0 0 0 0 1 0 1 1 0 0 0 0 0 1 0 0 0 0 0 0 1 1 0 0 0 0 0 0 0 1 0 0 1 0 0 0 0 0 0 
438 44 1
44 202 1
202 486 1
438 146 1
438 271 1
146 348 1
438 57 1
438 93 1
202 48 1
48 446 1
93 5 1
446 346 1
346 117 1
117 239 1
239 138 1
138 101 1
101 106 1
106 262 1
262 315 1
117 374 1
315 291 1
93 39 1
48 427 1
486 324 1
57 482 1
93 370 1
39 412 1
291 355 1
355 73 1
73 149 1
149 498 1
498 407 1
5 177 1
407 28 1
370 286 1
28 327 1
327 442 1
442 478 1
478 245 1
5 472 1
245 184 1
184 487 1
427 172 1
442 375 1
487 209 1
209 51 1
51 137 1
106 388 1
472 7 1
149 99 1
51 443 1
443 128 1
315 161 1
370 342 1
348 394 1
375 124 1
407 141 1
412 345 1
346 369 1
44 384 1
7 326 1
128 86 1
86 134 1
134 320 1
239 298 1
320 260 1
472 365 1
324 234 1
271 467 1
260 417 1
417 27 1
27 366 1
366 112 1
417 213 1
57 425 1
112 131 1
131 250 1
250 77 1
77 122 1
122 258 1
258 3 1
27 385 1
3 59 1
59 180 1
180 358 1
358 386 1
417 373 1
427 147 1
386 205 1
28 468 1
487 212 1
291 440 1
59 194 1
486 282 1
161 76 1
374 85 1
59 103 1
388 362 1
320 459 1
209 165 1
73 304 1
205 144 1
144 193 1
348 284 1
320 157 1
165 197 1
193 15 1
194 297 1
15 439 1
93 191 1
234 406 1
439 187 1
86 62 1
187 368 1
368 242 1
242 100 1
100 58 1
58 37 1
157 433 1
286 317 1
37 318 1
318 415 1
327 238 1
415 225 1
141 372 1
7 92 1
62 333 1
225 357 1
357 126 1
126 289 1
77 226 1
324 29 1
289 125 1
125 217 1
217 114 1
114 295 1
295 151 1
239 330 1
194 171 1
289 153 1
304 135 1
151 249 1
249 38 1
388 344 1
38 255 1
58 430 1
99 198 1
255 418 1
418 68 1
48 216 1
68 9 1
250 229 1
9 25 1
25 274 1
274 65 1
86 381 1
65 416 1
324 469 1
416 465 1
375 341 1
330 435 1
465 53 1
324 331 1
141 63 1
53 393 1
138 72 1
100 252 1
86 455 1
29 31 1
344 391 1
85 181 1
393 14 1
331 254 1
14 243 1
375 166 1
362 484 1
243 398 1
398 231 1
368 447 1
231 476 1
476 464 1
39 380 1
464 133 1
242 139 1
133 263 1
263 224 1
224 257 1
198 452 1
257 80 1
464 64 1
80 382 1
382 160 1
44 471 1
160 192 1
192 296 1
366 2 1
296 279 1
279 8 1
187 1 1
342 195 1
191 91 1
8 307 1
307 473 1
473 227 1
137 23 1
227 462 1
37 210 1
462 119 1
119 451 1
451 343 1
343 272 1
272 323 1
323 89 1
89 61 1
330 266 1
61 313 1
226 150 1
313 454 1
454 270 1
270 387 1
333 107 1
471 314 1
198 127 1
387 201 1
381 4 1
201 349 1
446 363 1
330 115 1
266 199 1
266 292 1
349 379 1
379 429 1
115 214 1
99 256 1
429 431 1
431 163 1
258 34 1
163 268 1
268 494 1
494 96 1
96 98 1
98 496 1
496 396 1
396 356 1
4 352 1
356 69 1
44 287 1
476 339 1
348 22 1
69 148 1
212 152 1
234 54 1
148 174 1
174 470 1
137 426 1
238 94 1
205 337 1
256 143 1
202 190 1
143 45 1
470 132 1
462 378 1
132 16 1
141 200 1
51 42 1
31 235 1
250 316 1
22 247 1
16 261 1
115 82 1
96 414 1
101 421 1
261 228 1
228 43 1
346 123 1
43 288 1
288 109 1
109 411 1
411 280 1
59 424 1
280 450 1
380 353 1
450 267 1
216 159 1
267 495 1
495 377 1
57 121 1
127 489 1
377 305 1
89 211 1
139 81 1
412 170 1
305 156 1
44 104 1
146 60 1
313 168 1
156 488 1
373 40 1
488 33 1
415 376 1
426 390 1
258 441 1
33 12 1
446 36 1
12 52 1
429 140 1
52 492 1
172 364 1
492 264 1
51 321 1
264 283 1
283 310 1
467 10 1
310 49 1
373 402 1
81 466 1
49 56 1
228 479 1
56 491 1
152 169 1
213 277 1
320 189 1
491 21 1
21 145 1
489 55 1
261 432 1
271 475 1
145 285 1
285 359 1
10 223 1
359 244 1
470 325 1
244 110 1
110 185 1
185 41 1
41 222 1
363 371 1
36 453 1
317 232 1
222 340 1
340 335 1
335 458 1
238 329 1
458 164 1
164 444 1
412 167 1
283 420 1
444 196 1
196 173 1
153 395 1
33 403 1
173 6 1
6 67 1
4 241 1
348 437 1
67 399 1
103 332 1
114 188 1
399 178 1
249 312 1
153 105 1
427 90 1
157 87 1
348 436 1
178 480 1
390 32 1
5 276 1
355 248 1
150 278 1
378 176 1
480 311 1
311 300 1
357 79 1
23 265 1
300 361 1
289 308 1
361 120 1
137 351 1
358 158 1
120 350 1
462 400 1
124 26 1
350 46 1
327 111 1
131 360 1
356 129 1
416 182 1
467 207 1
147 118 1
65 186 1
46 206 1
206 70 1
70 20 1
20 500 1
500 11 1
182 428 1
282 155 1
11 456 1
456 66 1
66 338 1
338 457 1
457 419 1
419 84 1
84 75 1
393 306 1
173 383 1
437 409 1
75 83 1
83 18 1
18 74 1
74 183 1
183 474 1
474 485 1
190 204 1
63 336 1
195 477 1
189 218 1
417 299 1
376 203 1
201 408 1
200 303 1
485 236 1
236 50 1
50 233 1
350 463 1
233 367 1
367 389 1
389 483 1
21 460 1
483 102 1
102 219 1
219 113 1
113 269 1
269 404 1
404 405 1
405 35 1
35 162 1
305 347 1
162 108 1
108 273 1
164 490 1
273 179 1
414 302 1
179 259 1
316 499 1
353 422 1
259 221 1
221 309 1
309 30 1
150 401 1
146 294 1
30 78 1
324 24 1
78 410 1
111 47 1
205 19 1
320 97 1
410 397 1
500 290 1
105 445 1
139 215 1
156 481 1
190 251 1
420 136 1
263 275 1
397 95 1
95 334 1
283 423 1
334 208 1
208 301 1
301 413 1
446 328 1
151 281 1
303 116 1
99 13 1
413 448 1
448 230 1
332 17 1
272 392 1
218 130 1
230 449 1
449 461 1
461 293 1
251 497 1
63 354 1
435 220 1
293 88 1
88 237 1
360 322 1
237 253 1
253 175 1
175 71 1
443 154 1
71 434 1
69 246 1
216 142 1
175 240 1
434 493 1
275 319 1
