500 198736455
1 0 0 1 0 0 0 0 0 1 0 0 0 0 1 0 0 0 0 0 0 0 1 0 0 0 1 0 0 0 0 0 0 0 0 0 0 0 1 0 0 0 1 0 0 1 0 0 0 0 0 0 0 1 1 0 1 0 0 1 1 0 0 0 0 0 1 0 1 0 0 1 0 0 0 0 0 1 1 1 0 0 0 0 0 0 0 0 0 1 0 1 0 0 0 0 1 1 1 0 0 0 1 1 0 0 0 0 0 0 1 0 0 0 0 0 1 1 0 0 0 0 0 0 0 0 0 0 0 0 0 0 1 0 0 0 0 0 0 0 0 0 1 0 0 0 0 0 0 0 0 0 1 1 0 1 0 0 0 0 1 0 0 0 0 0 0 0 0 0 0 1 1 0 0 0 0 0 0 1 0 1 1 0 0 0 1 0 0 0 1 0 0 1 1 0 0 1 0 1 0 0 0 0 1 0 0 0 0 0 1 0 1 0 0 1 1 0 0 0 1 0 0 0 0 0 0 0 0 0 0 0 1 1 1 1 0 0 0 0 1 1 1 0 1 0 0 0 1 0 0 0 0 0 0 1 0 1 1 0 0 0 0 0 0 0 1 1 0 0 0 0 1 0 0 0 0 0 0 0 0 0 0 0 0 0 0 0 1 0 0 0 0 0 0 0 0 0 0 0 0 0 1 1 0 0 0 0 0 0 0 0 0 0 1 0 0 0 1 0 1 0 0 1 0 1 1 1 0 0 0 0 0 0 0 0 1 0 0 0 0 0 0 1 0 1 1 0 0 0 0 0 1 0 0 0 0 0 1 1 0 1 0 0 1 0 0 0 0 0 0 0 1 0 1 0 0 0 0 0 0 0 0 0 0 1 0 0 0 0 0 0 0 0 0 1 0 0 0 0 1 0 0 1 0 0 0 0 0 0 0 0 0 0 0 0 0 0 0 0 0 0 0 0 0 0 1 0 0 0 1 0 0 0 0 0 0 0 0 1 0 0 0 1 1 0 0 0 0 0 0 1 0 0 0 0 0 0 1 0 0 0 0 0 0 1 0 0 1 0 0 0 0 0 1 0 0 1 0 0 0 1 0 0 0 0 0 0 0 0 0 0 1 0 0 0 0 0 0 0 
15 231 30379268
15 237 37111908
231 262 39788908
237 197 31874904
237 170 87639101
170 303 68724813
237 339 13984178
170 323 59596483
15 160 8617423
160 357 52934631
197 494 81790541
237 351 78180539
351 101 69783605
351 472 73490325
15 143 9720943
101 384 18057866
384 283 34584859
494 302 80713661
170 410 51165423
160 389 13831458
101 21 7151442
410 362 74981192
170 23 19903784
231 314 5566806
362 288 58417247
472 299 11180117
339 188 85300890
101 233 57350543
351 223 58540428
160 455 20014614
362 205 8613064
205 200 86370008
455 226 19598342
314 166 25203729
494 352 31723272
143 4 26235617
200 81 56070206
302 138 44407600
351 87 47395718
233 287 85440320
233 77 11137464
262 409 31278002
205 60 69396449
200 195 14025691
299 48 8856335
237 37 151064
188 310 43149981
101 167 2442975
21 370 70181902
15 294 2887704
310 29 49211487
323 443 41963980
237 435 11058856
314 404 70108381
339 261 48231620
261 478 44384775
409 480 17098242
205 171 66909574
231 500 67045194
37 280 2212007
480 192 67409156
226 193 59940563
323 153 43985893
310 106 7934793
167 20 42060923
87 281 58855339
455 329 25584220
188 122 2166460
223 252 49591290
370 286 81979272
197 134 49821017
299 470 66742933
237 462 11412948
87 89 12475817
87 425 41431917
237 308 65096060
233 477 75727156
48 128 27119231
60 365 59082889
310 254 56751261
20 126 32967829
122 313 12860545
389 187 48455206
166 116 38211816
231 184 37381210
233 489 61551240
254 359 2895791
287 183 69840865
101 426 67314759
4 125 49169107
252 468 59317601
389 175 41187729
425 186 27411174
477 246 23027349
184 433 39055410
435 129 2041491
283 350 15482708
87 209 61459698
433 418 52811607
101 402 76571048
443 34 81928289
313 68 186645
138 149 58682940
20 436 15663492
192 232 42977284
128 211 49751517
404 1 83060048
313 244 35107439
143 499 53919716
20 139 12944892
262 8 51730246
1 113 46105140
197 406 3320991
4 295 9793335
223 374 63097397
433 407 26126773
48 12 68685399
295 382 23920312
299 230 7967353
223 353 63000741
281 133 38461168
374 297 83877583
60 414 19252176
1 380 36804460
195 334 64831092
244 395 89705996
193 63 67684845
480 326 89577943
233 22 72033008
303 408 25881686
404 448 13317209
128 397 54813846
384 486 42105220
29 385 19411224
385 94 900733
365 88 69068620
468 38 14910262
470 117 71850463
262 67 30122026
281 438 25370306
113 291 38491279
21 110 23914494
101 378 70789009
88 424 43183412
167 345 82281661
397 99 45359146
88 349 44832491
87 103 49881507
223 255 66723632
139 229 70232525
472 7 35100978
359 330 53333682
233 450 2312685
395 90 61683015
171 333 35328293
1 459 66105337
425 473 77451597
402 320 52941144
365 492 51452120
281 120 48991140
77 311 32497519
1 383 48557032
380 318 28538114
143 274 60728468
362 463 33850786
286 394 41467056
22 461 10797262
473 163 38333021
365 115 57792524
8 364 35123326
404 325 36963723
149 177 19540455
334 369 82968262
167 405 1740869
397 277 6576988
63 242 86184030
186 147 73270958
197 28 32609130
334 361 21781304
166 74 36005058
500 458 27952803
357 268 78100120
359 267 28452186
116 434 28859815
171 136 44280908
395 296 18542573
233 104 64617250
153 91 5449878
353 96 4474530
425 208 3095514
192 476 50396003
450 282 88199994
384 42 42995553
433 18 32287847
345 300 88416099
171 190 86612148
183 376 36284539
318 452 16708413
409 24 8203470
500 388 81045016
74 449 59736629
499 164 55212698
20 429 43321859
21 154 35825597
37 176 26295160
274 46 26562161
455 278 88793909
314 78 81703025
167 260 8239153
492 257 16193592
414 319 42715500
433 367 35665619
208 82 80235122
78 344 63612792
29 199 63541186
438 271 5158423
480 273 63101055
287 207 45954272
7 276 15631190
81 180 21908453
199 372 13718113
268 251 79246513
42 85 75903340
303 6 82573194
28 145 7322807
147 466 87492627
200 437 51383787
276 214 62400197
125 130 70029648
197 76 26859343
271 31 37504989
115 215 8642076
171 354 68315986
378 493 5404788
164 228 16571235
167 234 44057061
492 337 81088390
183 464 26113971
459 172 41584815
494 151 74928349
414 32 43677369
120 127 89226450
334 363 24695896
277 161 58426692
60 317 46984716
242 25 8248317
183 97 70570729
273 216 53262399
177 431 54217493
180 420 75916976
420 321 18538642
300 150 74910581
319 488 37511420
223 387 25769630
143 343 22058437
126 304 46079651
395 13 71631360
450 98 6060717
310 439 73334650
122 498 77418152
211 258 17308431
477 312 36281351
154 121 18631068
395 65 61878057
77 220 68600385
286 144 70522187
274 497 83444106
361 368 76327022
205 71 3282446
211 270 87529978
1 189 73892199
106 217 48538803
395 19 24480339
497 428 26420778
99 393 30482458
312 391 72356472
409 27 49142097
493 75 11158087
329 206 35121023
311 26 29693793
308 124 89375438
176 30 12941469
329 467 85741748
90 265 75422166
448 198 70539907
200 241 71523967
435 14 73290909
408 210 34090821
15 57 49621372
153 482 2393379
42 247 19724080
500 396 68441324
124 342 78681290
15 102 29804020
90 238 2856266
234 422 52004895
167 83 4240468
67 475 47705567
333 454 24300808
391 263 12439576
497 416 19443746
425 41 55530246
254 322 6818335
8 400 40666801
87 235 17207489
317 256 3867728
337 218 67247700
323 105 80121228
342 487 7043090
487 340 46862646
256 33 81257588
404 185 5482732
431 135 87936491
388 284 73042152
369 469 70424574
383 61 65934425
116 474 52095412
461 162 44083318
180 412 33592292
210 44 67532848
374 253 87510459
139 453 48317191
209 423 53468318
211 72 20929712
424 62 53300545
414 84 47743318
396 79 83125367
115 490 32876447
103 485 54228794
482 66 31810288
66 39 48932526
34 301 50626899
18 5 51592321
66 152 86398455
268 146 56175718
189 445 41013913
198 386 46750786
31 289 80104834
97 465 17601590
13 182 56746385
220 141 41598206
314 159 48493387
209 53 7655097
68 375 86208496
378 432 24748635
153 328 70694272
406 2 68086495
405 331 40423261
477 93 53003393
485 158 82336786
166 204 87482203
182 114 28802724
211 148 6016014
488 45 74280649
287 332 26042755
23 292 65641399
97 157 37899362
433 373 88941597
418 413 40712931
303 203 9694648
340 201 72156004
34 403 39791
418 347 48617898
60 315 84550319
408 239 56256283
12 316 45644670
314 132 43132156
232 307 11728090
198 168 13586886
448 59 64391554
217 111 61822174
26 356 4900984
4 9 66218805
367 248 73553621
291 142 21424605
350 43 79863981
295 419 82087934
359 491 27962229
363 249 28746039
356 178 41388194
385 212 19422921
443 17 13732627
93 165 38916640
84 221 21863826
134 398 20412883
226 240 73058631
315 272 24278095
89 360 84029150
180 107 18560063
170 348 13652058
376 484 58560975
89 293 29356122
142 451 50174656
239 266 40226666
4 173 46158110
466 336 35517549
469 457 45458433
21 444 82595338
468 174 3431841
170 399 18462597
396 40 25590525
498 279 1375423
292 191 82483886
246 86 65660448
138 224 28802631
206 202 55111972
136 377 11210784
220 366 16041236
214 427 54897908
53 100 36316807
12 305 48000887
37 179 76719592
357 80 22242220
343 51 74212714
90 11 72453525
246 401 19020377
350 441 62306764
464 392 51176867
254 481 72692499
311 327 33838279
128 95 8913047
383 479 722588
441 64 14972362
63 169 7032805
273 456 28775392
429 112 46501587
95 137 8906266
38 243 67154380
144 346 72692418
78 55 48960523
169 245 21348118
276 219 23368152
13 355 59402824
74 108 88027594
191 56 3817541
277 415 75611049
337 471 22733813
100 54 57781753
220 496 18039155
184 379 48690388
23 358 49404621
419 264 41736871
400 236 75924030
232 341 1986976
34 52 7680362
451 411 84205302
339 460 75001626
197 442 27302985
17 70 76934201
82 298 1374700
315 275 78152205
110 447 73446017
252 309 78143402
43 371 83500851
216 140 78958036
349 123 86578553
54 36 76160771
488 3 23692682
134 131 56596316
382 338 17761292
60 10 53012734
85 269 24856674
182 430 42655178
482 421 9090789
60 225 56826822
265 49 85111137
365 156 54510339
146 390 85860980
485 50 78914558
267 483 627123
237 47 6637156
105 440 34417949
121 196 26536058
359 69 24753204
392 73 27960380
201 446 81133481
232 222 46505572
393 155 16642263
148 259 72077789
433 194 26074179
499 35 72043656
226 335 27110626
406 227 65169839
418 324 63708748
326 495 59851529
27 290 87734735
151 250 52650861
47 118 86235303
237 213 59841434
436 109 25050621
150 92 73601366
206 381 44064078
23 181 46933029
206 16 42021085
161 58 61530829
182 285 20875691
187 306 84413639
318 417 2732742
382 119 68787561
