500 1
0 1 0 0 0 0 1 0 1 1 0 1 0 0 1 0 1 1 0 0 0 0 1 1 0 0 0 1 0 1 1 1 0 1 1 1 1 0 1 0 1 1 0 0 1 1 0 1 1 0 1 0 1 1 0 1 1 1 1 1 0 0 0 1 0 0 0 1 1 1 1 0 0 1 1 0 0 1 1 1 0 1 0 1 0 0 0 0 0 0 1 1 0 1 0 0 1 1 1 1 0 0 0 1 0 0 1 0 0 0 0 1 0 0 0 0 1 0 0 1 0 1 0 1 0 1 0 0 1 0 1 1 0 1 0 1 1 0 1 1 1 1 1 0 0 1 0 1 1 1 0 1 1 1 1 0 0 0 0 1 1 0 0 1 1 0 1 1 1 1 1 0 1 0 1 0 0 1 1 1 1 1 1 0 0 1 1 1 0 0 1 0 1 1 1 0 1 1 1 1 1 0 0 1 0 1 0 1 0 1 1 1 0 0 1 0 0 1 0 0 0 0 0 0 1 1 1 1 0 0 0 0 1 1 0 0 1 1 0 0 0 0 1 1 1 1 0 0 1 1 1 0 0 0 0 0 0 1 1 1 0 0 1 1 1 0 0 0 0 0 1 0 0 0 0 1 0 0 1 1 0 1 0 0 1 0 0 1 0 1 0 0 0 0 0 0 1 1 1 0 0 1 0 0 1 1 1 0 0 1 1 0 1 0 0 0 1 1 0 1 0 0 0 0 0 0 0 0 1 1 0 0 1 0 1 0 1 1 1 0 1 0 0 0 0 0 1 0 0 1 1 0 0 0 0 1 1 0 1 0 1 1 0 1 0 1 0 1 1 0 1 1 1 1 0 1 1 1 0 1 0 1 1 1 1 1 1 1 0 1 1 0 1 1 1 0 1 1 1 0 0 0 0 1 0 1 0 1 1 0 0 0 1 1 1 1 1 0 0 0 1 1 1 0 1 1 0 1 0 0 1 1 0 1 1 1 0 1 0 1 0 0 0 0 1 1 1 0 0 1 1 0 0 0 0 0 0 1 0 1 0 0 0 1 1 1 1 0 1 0 1 0 1 1 1 0 0 0 0 1 0 0 0 1 0 1 0 1 0 0 0 1 0 0 1 0 1 0 0 0 
337 37 1
337 53 1
37 4 1
37 286 1
37 83 1
37 139 1
83 451 1
4 466 1
139 61 1
337 352 1
53 219 1
219 35 1
466 115 1
83 228 1
451 9 1
37 38 1
337 461 1
53 312 1
451 351 1
352 76 1
38 410 1
35 136 1
410 77 1
410 467 1
351 442 1
83 137 1
38 348 1
77 60 1
76 3 1
61 319 1
9 314 1
76 490 1
451 342 1
60 399 1
467 101 1
219 335 1
461 166 1
228 289 1
399 323 1
335 316 1
335 417 1
410 164 1
442 277 1
337 484 1
490 23 1
410 180 1
136 160 1
37 41 1
101 116 1
38 269 1
116 212 1
136 241 1
139 67 1
490 291 1
410 471 1
37 292 1
292 379 1
228 84 1
164 280 1
180 43 1
337 386 1
335 126 1
136 317 1
9 78 1
335 80 1
335 380 1
116 181 1
101 253 1
136 220 1
317 433 1
289 265 1
348 389 1
319 499 1
115 82 1
82 413 1
38 227 1
413 17 1
227 144 1
316 21 1
466 480 1
23 273 1
466 179 1
323 150 1
181 148 1
148 55 1
78 207 1
227 407 1
3 322 1
348 159 1
277 95 1
314 396 1
17 311 1
312 347 1
407 498 1
410 260 1
207 221 1
269 422 1
60 177 1
342 468 1
323 405 1
292 45 1
480 300 1
317 367 1
78 445 1
467 408 1
499 326 1
53 430 1
300 402 1
407 465 1
207 50 1
322 257 1
221 149 1
160 416 1
257 486 1
396 121 1
41 361 1
166 333 1
149 403 1
451 401 1
60 140 1
323 58 1
498 138 1
3 185 1
228 393 1
399 288 1
342 226 1
160 470 1
480 141 1
23 213 1
67 500 1
461 418 1
393 272 1
43 344 1
185 294 1
138 64 1
277 395 1
451 268 1
500 356 1
126 324 1
337 261 1
185 270 1
389 223 1
319 385 1
9 254 1
405 189 1
212 247 1
37 232 1
317 110 1
270 132 1
470 365 1
418 71 1
115 14 1
150 397 1
337 331 1
82 59 1
379 123 1
17 301 1
393 321 1
317 295 1
433 199 1
312 259 1
148 444 1
199 458 1
352 208 1
212 125 1
467 343 1
417 341 1
468 412 1
181 332 1
140 224 1
289 391 1
253 477 1
58 122 1
212 420 1
126 108 1
321 439 1
324 274 1
181 204 1
41 462 1
224 183 1
301 105 1
179 414 1
341 304 1
470 175 1
101 318 1
204 93 1
82 100 1
241 36 1
4 73 1
356 2 1
95 8 1
141 154 1
260 52 1
323 229 1
183 182 1
78 102 1
499 374 1
144 217 1
179 70 1
80 437 1
71 119 1
490 65 1
410 296 1
385 336 1
269 198 1
314 210 1
458 330 1
132 340 1
208 482 1
356 382 1
412 255 1
2 283 1
198 446 1
379 170 1
52 456 1
277 205 1
292 44 1
283 143 1
61 151 1
220 299 1
254 234 1
445 97 1
456 162 1
289 68 1
288 329 1
471 156 1
437 483 1
9 258 1
219 5 1
268 69 1
258 339 1
23 203 1
300 278 1
413 281 1
203 438 1
159 271 1
247 474 1
365 475 1
210 91 1
402 488 1
229 167 1
221 279 1
343 240 1
65 191 1
446 225 1
474 34 1
138 196 1
329 117 1
280 98 1
219 476 1
351 245 1
139 54 1
119 184 1
253 114 1
151 51 1
68 187 1
405 293 1
95 384 1
468 32 1
14 242 1
227 394 1
156 161 1
329 244 1
456 147 1
330 349 1
3 441 1
389 134 1
379 325 1
98 19 1
37 308 1
393 218 1
396 171 1
144 303 1
223 27 1
19 360 1
484 287 1
396 118 1
84 357 1
198 252 1
293 178 1
97 131 1
171 315 1
150 130 1
17 238 1
82 453 1
97 18 1
420 419 1
118 282 1
35 362 1
329 16 1
60 350 1
52 459 1
325 186 1
289 26 1
78 478 1
252 378 1
21 48 1
162 233 1
483 452 1
417 392 1
8 421 1
478 236 1
38 457 1
318 86 1
316 264 1
53 355 1
480 305 1
223 267 1
247 406 1
350 63 1
325 152 1
500 129 1
342 489 1
458 327 1
117 432 1
240 495 1
274 448 1
466 428 1
385 56 1
91 479 1
167 256 1
301 89 1
148 369 1
305 75 1
437 364 1
384 62 1
83 262 1
208 320 1
445 440 1
58 25 1
327 192 1
192 24 1
350 310 1
67 200 1
486 47 1
260 42 1
34 230 1
55 427 1
462 285 1
136 7 1
477 135 1
362 307 1
393 404 1
300 370 1
357 79 1
336 195 1
474 188 1
280 368 1
329 426 1
451 494 1
294 243 1
241 366 1
78 338 1
428 72 1
21 106 1
159 334 1
159 120 1
380 346 1
44 275 1
389 447 1
170 239 1
439 251 1
441 153 1
154 81 1
123 435 1
395 455 1
268 313 1
55 222 1
41 127 1
356 372 1
181 496 1
346 88 1
102 424 1
183 297 1
208 146 1
153 211 1
135 113 1
334 30 1
42 266 1
262 15 1
149 214 1
360 472 1
126 142 1
122 309 1
312 22 1
489 231 1
188 124 1
58 85 1
233 1 1
147 345 1
341 436 1
61 155 1
170 112 1
305 353 1
122 158 1
149 169 1
331 449 1
326 290 1
53 90 1
150 33 1
426 454 1
362 11 1
447 168 1
496 429 1
143 202 1
212 133 1
208 193 1
251 354 1
320 485 1
325 415 1
449 176 1
37 306 1
239 359 1
338 104 1
155 39 1
293 381 1
392 263 1
359 201 1
334 383 1
338 376 1
175 206 1
420 460 1
142 215 1
117 157 1
189 358 1
320 237 1
63 469 1
100 74 1
402 99 1
232 20 1
288 92 1
116 57 1
146 209 1
1 172 1
339 190 1
208 111 1
60 328 1
225 145 1
134 487 1
255 377 1
436 363 1
150 388 1
207 216 1
346 491 1
399 96 1
500 398 1
81 450 1
137 373 1
458 434 1
20 284 1
286 10 1
84 31 1
212 103 1
191 40 1
308 250 1
495 246 1
345 173 1
378 464 1
482 163 1
467 302 1
405 165 1
472 46 1
123 28 1
26 411 1
247 463 1
240 13 1
323 423 1
151 298 1
326 249 1
237 390 1
280 409 1
301 66 1
139 6 1
204 29 1
61 473 1
472 94 1
190 276 1
257 371 1
63 375 1
321 497 1
1 431 1
339 235 1
351 481 1
15 109 1
337 49 1
227 197 1
268 492 1
409 425 1
244 174 1
7 87 1
488 248 1
426 107 1
315 128 1
54 194 1
72 493 1
432 12 1
234 400 1
49 443 1
211 387 1
