500 2
0 0 0 0 0 0 1 0 0 1 0 0 0 0 0 0 0 1 0 0 0 0 0 0 1 0 0 1 0 0 1 0 0 0 0 1 0 0 1 0 1 0 0 0 0 0 1 0 0 0 0 0 0 1 0 0 0 0 0 1 0 0 1 0 0 1 0 0 0 0 0 0 0 0 0 0 0 1 0 0 0 1 0 0 0 0 0 0 0 0 0 0 0 1 0 0 0 0 1 0 0 0 0 1 0 0 0 0 0 1 0 0 1 0 0 0 0 0 0 0 0 0 0 0 0 0 0 0 0 0 0 1 0 0 1 0 0 0 0 1 0 0 0 0 1 0 1 1 0 0 0 0 1 0 0 0 0 0 0 0 0 0 0 0 0 0 0 0 0 1 0 0 1 0 0 1 0 0 0 0 0 0 0 0 0 0 0 1 0 0 0 0 0 0 0 0 0 0 1 0 0 0 0 0 0 0 0 0 0 0 1 0 0 1 0 0 0 0 0 0 0 0 0 0 0 0 0 0 0 0 0 0 1 0 1 0 0 0 0 0 0 0 0 0 0 0 0 1 0 0 0 0 0 0 0 1 1 1 0 0 0 1 0 1 0 0 0 0 1 0 0 0 0 0 0 0 0 1 0 0 0 1 0 0 1 0 0 0 0 0 0 0 1 0 0 1 0 0 0 0 0 0 1 0 0 0 0 0 0 0 0 0 0 1 0 0 0 0 0 1 0 0 1 0 0 1 0 0 0 0 0 1 1 1 0 0 0 0 0 0 0 0 0 0 0 0 0 1 1 1 0 0 0 0 0 0 1 0 0 0 1 0 0 0 0 0 0 1 0 0 0 0 0 1 0 0 0 0 0 0 0 0 0 0 0 0 0 0 0 0 0 0 0 0 0 1 0 0 0 0 0 1 1 0 0 1 0 0 0 0 1 0 0 0 1 0 0 0 0 0 1 0 0 0 0 0 0 1 0 1 0 1 0 0 1 0 0 0 1 0 0 0 0 0 0 1 0 0 0 0 0 0 0 0 1 0 0 0 0 0 0 0 0 0 0 0 0 0 0 0 0 0 0 0 0 0 0 1 0 0 0 0 0 0 0 0 0 1 0 0 0 0 1 1 0 0 0 1 1 0 
459 189 1
189 36 1
189 232 1
459 53 1
459 110 1
53 5 1
5 426 1
36 108 1
189 255 1
110 318 1
110 180 1
189 437 1
459 346 1
110 293 1
255 181 1
255 457 1
53 201 1
189 186 1
5 460 1
5 331 1
255 308 1
308 350 1
189 20 1
180 495 1
36 34 1
36 388 1
5 470 1
318 315 1
110 301 1
293 207 1
53 411 1
460 187 1
5 33 1
108 412 1
460 433 1
293 378 1
5 258 1
346 289 1
412 169 1
378 221 1
350 265 1
459 442 1
110 317 1
308 391 1
20 493 1
301 61 1
258 480 1
480 13 1
34 194 1
378 158 1
350 97 1
346 101 1
232 479 1
34 72 1
315 24 1
293 31 1
61 218 1
293 325 1
317 387 1
187 339 1
412 334 1
426 219 1
388 93 1
391 494 1
187 414 1
495 450 1
255 275 1
187 172 1
221 39 1
194 247 1
437 406 1
388 95 1
255 394 1
61 149 1
180 141 1
232 497 1
301 19 1
479 492 1
61 447 1
437 259 1
180 489 1
39 319 1
437 417 1
180 420 1
255 408 1
339 241 1
19 87 1
33 69 1
186 196 1
479 173 1
173 434 1
426 395 1
186 349 1
325 166 1
232 139 1
447 474 1
318 482 1
289 261 1
93 347 1
31 456 1
97 366 1
412 236 1
101 490 1
346 54 1
169 297 1
293 206 1
420 375 1
33 35 1
388 57 1
218 145 1
181 379 1
87 155 1
36 351 1
490 364 1
87 92 1
395 436 1
437 344 1
201 276 1
93 15 1
19 321 1
474 401 1
492 43 1
442 208 1
347 46 1
207 332 1
92 227 1
379 425 1
53 29 1
172 11 1
149 81 1
259 302 1
13 267 1
346 188 1
375 324 1
395 439 1
339 499 1
227 404 1
110 23 1
450 193 1
297 393 1
317 476 1
308 116 1
319 359 1
54 413 1
180 287 1
412 26 1
180 336 1
366 454 1
227 471 1
497 165 1
413 104 1
297 73 1
450 464 1
436 12 1
69 386 1
414 107 1
193 251 1
158 167 1
319 195 1
420 432 1
110 118 1
293 82 1
92 250 1
69 423 1
408 171 1
36 421 1
490 144 1
480 327 1
293 341 1
173 307 1
393 51 1
480 75 1
104 397 1
482 152 1
495 363 1
31 288 1
327 228 1
73 274 1
274 264 1
57 424 1
51 7 1
275 59 1
250 431 1
219 89 1
359 343 1
219 311 1
324 170 1
393 485 1
425 283 1
459 340 1
173 197 1
110 488 1
311 47 1
408 77 1
287 453 1
318 178 1
387 372 1
218 369 1
75 481 1
480 48 1
406 299 1
457 45 1
394 362 1
72 71 1
36 469 1
12 217 1
495 238 1
61 233 1
482 56 1
259 405 1
288 328 1
233 248 1
251 338 1
61 140 1
23 303 1
186 32 1
350 451 1
152 103 1
302 330 1
54 30 1
421 435 1
103 304 1
297 88 1
482 298 1
490 295 1
255 385 1
173 80 1
454 134 1
71 2 1
411 70 1
172 203 1
364 445 1
145 204 1
364 491 1
299 377 1
207 354 1
377 441 1
5 143 1
497 86 1
81 284 1
180 225 1
92 320 1
303 310 1
193 461 1
308 185 1
134 98 1
32 60 1
13 176 1
336 430 1
485 252 1
289 52 1
219 409 1
469 76 1
308 443 1
54 130 1
13 468 1
424 146 1
432 190 1
72 278 1
255 128 1
54 368 1
442 224 1
461 419 1
310 438 1
362 254 1
104 199 1
82 21 1
419 335 1
287 154 1
197 496 1
497 314 1
30 28 1
224 163 1
479 422 1
304 263 1
118 231 1
76 381 1
439 294 1
20 268 1
188 337 1
33 135 1
166 316 1
336 280 1
287 175 1
461 271 1
130 84 1
56 159 1
401 427 1
77 449 1
372 133 1
456 312 1
369 253 1
320 407 1
61 205 1
457 27 1
439 444 1
5 209 1
154 50 1
52 78 1
316 300 1
80 14 1
381 226 1
457 257 1
308 164 1
377 162 1
77 129 1
351 94 1
190 161 1
441 376 1
349 475 1
135 239 1
312 42 1
77 309 1
253 198 1
309 374 1
493 138 1
341 174 1
316 487 1
77 182 1
53 371 1
149 184 1
388 326 1
170 260 1
145 122 1
162 382 1
158 142 1
411 131 1
321 478 1
411 22 1
36 124 1
167 455 1
70 352 1
209 498 1
138 213 1
354 74 1
378 446 1
24 202 1
221 44 1
134 111 1
15 91 1
36 235 1
198 402 1
238 85 1
196 40 1
420 137 1
381 126 1
382 473 1
193 1 1
104 415 1
142 117 1
218 216 1
401 472 1
258 355 1
469 285 1
197 63 1
404 157 1
375 410 1
488 109 1
93 132 1
338 361 1
166 465 1
469 500 1
495 367 1
278 416 1
317 6 1
170 16 1
301 428 1
450 9 1
253 100 1
39 398 1
97 212 1
82 114 1
325 272 1
307 55 1
498 383 1
447 200 1
337 246 1
439 156 1
146 136 1
5 4 1
414 270 1
88 392 1
498 266 1
11 179 1
451 448 1
336 37 1
131 390 1
233 105 1
378 240 1
257 191 1
143 41 1
131 290 1
117 323 1
143 353 1
149 83 1
448 244 1
335 403 1
433 17 1
337 115 1
72 177 1
473 10 1
499 123 1
152 3 1
70 269 1
88 245 1
143 345 1
130 210 1
61 373 1
459 127 1
378 67 1
411 58 1
17 8 1
159 356 1
453 273 1
61 400 1
275 463 1
157 458 1
469 65 1
334 486 1
465 483 1
157 230 1
15 153 1
451 484 1
397 467 1
327 329 1
271 90 1
353 125 1
346 106 1
216 112 1
383 222 1
366 306 1
495 360 1
228 151 1
494 160 1
376 313 1
134 286 1
207 249 1
225 119 1
434 418 1
272 62 1
207 242 1
176 429 1
449 229 1
474 384 1
23 183 1
244 147 1
227 18 1
484 211 1
35 452 1
249 64 1
126 150 1
232 462 1
487 342 1
12 279 1
144 466 1
60 79 1
360 96 1
258 220 1
136 66 1
418 399 1
13 262 1
355 25 1
199 370 1
233 99 1
476 243 1
6 113 1
155 256 1
224 296 1
9 305 1
167 282 1
289 477 1
71 440 1
13 322 1
221 237 1
29 120 1
15 168 1
250 333 1
219 234 1
326 192 1
272 358 1
193 38 1
228 102 1
93 148 1
97 281 1
240 223 1
137 215 1
340 68 1
441 291 1
342 214 1
485 121 1
462 49 1
184 380 1
195 277 1
63 365 1
411 396 1
131 389 1
371 292 1
401 348 1
72 357 1
